1 153 32 152
2 59 38 92
3 8 39 78
4 36 30 108
5 177 31 145
6 126 35 62
7 173 44 64
8 17 40 79
9 179 26 182
10 33 22 50
11 44 27 58
12 114 39 177
13 114 30 185
14 120 29 61
15 130 21 151
16 192 46 95
17 100 31 59
18 189 28 169
19 176 49 169
20 179 48 105
21 114 47 199
22 113 38 149
23 11 50 135
24 153 46 163
25 142 40 154
26 171 38 178
27 41 20 88
28 23 49 61
29 43 21 110
30 157 26 115
31 1 32 126
32 133 40 105
33 192 43 122
34 192 34 89
35 164 38 153
36 73 32 70
37 130 49 179
38 148 37 120
39 106 35 85
40 55 37 193
41 77 50 154
42 71 49 169
43 154 26 133
44 200 50 140
45 198 32 95
46 72 24 86
47 159 29 194
48 37 47 90
49 45 27 180
50 63 39 199
51 189 39 142
52 142 38 102
53 145 31 149
54 64 30 96
55 12 41 128
56 47 34 99
57 30 44 108
58 103 25 50
59 178 22 60
60 190 43 186
61 108 25 186
62 141 22 56
63 161 22 150
64 127 25 110
65 155 49 131
66 151 26 90
67 30 25 53
68 152 39 200
69 45 42 88
70 61 50 137
71 60 31 61
72 26 25 158
73 137 40 134
74 186 48 52
75 93 25 178
76 23 34 60
77 132 46 162
78 193 36 161
79 108 23 143
80 187 26 58
81 5 42 127
82 120 39 136
83 69 41 101
84 159 25 70
85 24 27 178
86 36 36 140
87 96 21 148
88 74 35 105
89 130 20 92
90 47 49 61
91 93 45 187
92 95 43 142
93 154 25 86
94 132 37 80
95 144 22 169
96 164 20 125
97 192 35 86
98 163 24 119
99 20 26 173
100 105 22 174
