1 017 39 073
02 043 45 172
03 013 28 073
04 034 35 165
05 001 22 087
06 028 42 179
07 024 42 053
08 034 44 157
09 001 23 099
10 043 46 185
11 072 46 112
12 110 40 083
13 144 39 179
14 114 27 072
15 138 41 185
16 129 28 091
17 139 42 151
18 115 48 094
19 133 40 174
20 116 20 053
21 127 36 199
22 179 46 153
23 217 38 078
24 238 48 181
25 224 33 065
26 239 43 186
27 220 49 065
28 239 44 151
29 215 25 055
30 229 41 198
31 210 43 055
32 227 47 166
33 266 47 138
34 308 41 097
35 336 43 187
36 301 27 097
37 339 44 159
38 301 25 075
39 340 43 192
40 316 28 062
41 325 42 194
42 325 45 068
43 338 45 156
44 377 42 165
45 418 42 067
46 426 35 162
47 422 31 090
48 436 43 157
49 410 40 090
50 444 40 156
51 402 48 095
52 444 44 173
53 412 40 055
54 431 38 156
55 473 40 138